{
 "cells": [
  {
   "cell_type": "markdown",
   "id": "b44bb7fc",
   "metadata": {},
   "source": [
    "## BnB DFS ##"
   ]
  },
  {
   "cell_type": "code",
   "execution_count": 117,
   "id": "45aaed14",
   "metadata": {},
   "outputs": [],
   "source": [
    "import numpy as np\n",
    "import random \n",
    "import pandas as pd\n",
    "import matplotlib.pyplot as plt\n",
    "\n",
    "# pg 182\n",
    "\n",
    "def DFS(dist_mat, start):\n",
    "    \n",
    "    def NN(state):\n",
    "\n",
    "        dist_mat_tilde = dist_mat.copy().to_numpy()\n",
    "        dist_mat_tilde[state[:-1]] = 10**9\n",
    "        dist_mat_tilde[:,state[:-1]] = 10**9\n",
    "        np.fill_diagonal(dist_mat_tilde, 10**9)\n",
    "        \n",
    "        cost = 0\n",
    "        next = state[-1]\n",
    "        iter = 0\n",
    "\n",
    "        while iter <= len(dist_mat) - len(state) - 1:\n",
    "\n",
    "            ind = dist_mat_tilde[next,:].argmin() # city with min dist from current\n",
    "            cost_new = dist_mat_tilde[next,ind]\n",
    "            dist_mat_tilde[:,next] = 10**9\n",
    "            cost += cost_new\n",
    "            next = ind\n",
    "            iter += 1\n",
    "        return cost + dist_mat.loc[next,state[0]]\n",
    "        \n",
    "    def objective_function(state):\n",
    "        \n",
    "        # nearest neighbors heuristic\n",
    "        h = NN(state)\n",
    "        \n",
    "        if len(state) <= 2:\n",
    "            return U\n",
    "        \n",
    "        cost = h\n",
    "\n",
    "        for i in range(len(state) - 2):\n",
    "            cost += dist_mat.loc[state[i], state[i+1]]\n",
    "        cost += dist_mat.loc[state[-2],state[-1]]\n",
    "\n",
    "        # add zero onto the end\n",
    "        if len(state) == len(dist_mat):\n",
    "            cost += dist_mat.loc[state[-1], 0]\n",
    "        return cost\n",
    "    \n",
    "    # appends newly generated nodes to frontier\n",
    "    def gen_front(current, frontier, N):\n",
    "\n",
    "        nums = [i for i in range(N)]\n",
    "        \n",
    "        for y in current:\n",
    "            if y in nums:\n",
    "                nums.remove(y)\n",
    "        for i in range(len(nums)):\n",
    "            t = current[:]\n",
    "            t.append(nums[i])\n",
    "            frontier.append(t)\n",
    "        return frontier\n",
    "    \n",
    "    cost_array = []\n",
    "    best_path = []\n",
    "    best_dist = 0\n",
    "    \n",
    "    frontier = [start]    \n",
    "    N = len(dist_mat)\n",
    "    U = 10**9 # initial bound \n",
    "    \n",
    "    while frontier != []:\n",
    "        new_path = frontier.pop()\n",
    "        path_cost = objective_function(new_path)\n",
    "        \n",
    "        if path_cost > U:\n",
    "            continue\n",
    "            \n",
    "        # we have a complete path    \n",
    "        elif len(new_path) == N:\n",
    "            U = path_cost\n",
    "            best_path = new_path\n",
    "            best_dist = path_cost\n",
    "            cost_array.append(path_cost)\n",
    "            \n",
    "        else:\n",
    "            frontier = gen_front(new_path, frontier, N)\n",
    "            \n",
    "    plt.plot(cost_array)\n",
    "    plt.title('Progression path cost')\n",
    "    plt.ylabel('Cost')\n",
    "    plt.xlabel('Iteration')\n",
    "    \n",
    "    return best_path, best_dist"
   ]
  },
  {
   "cell_type": "code",
   "execution_count": 119,
   "id": "983159fa",
   "metadata": {
    "scrolled": false
   },
   "outputs": [
    {
     "data": {
      "text/html": [
       "<div>\n",
       "<style scoped>\n",
       "    .dataframe tbody tr th:only-of-type {\n",
       "        vertical-align: middle;\n",
       "    }\n",
       "\n",
       "    .dataframe tbody tr th {\n",
       "        vertical-align: top;\n",
       "    }\n",
       "\n",
       "    .dataframe thead th {\n",
       "        text-align: right;\n",
       "    }\n",
       "</style>\n",
       "<table border=\"1\" class=\"dataframe\">\n",
       "  <thead>\n",
       "    <tr style=\"text-align: right;\">\n",
       "      <th></th>\n",
       "      <th>0</th>\n",
       "      <th>1</th>\n",
       "      <th>2</th>\n",
       "      <th>3</th>\n",
       "      <th>4</th>\n",
       "      <th>5</th>\n",
       "      <th>6</th>\n",
       "      <th>7</th>\n",
       "      <th>8</th>\n",
       "      <th>9</th>\n",
       "      <th>10</th>\n",
       "      <th>11</th>\n",
       "      <th>12</th>\n",
       "      <th>13</th>\n",
       "      <th>14</th>\n",
       "      <th>15</th>\n",
       "      <th>16</th>\n",
       "      <th>17</th>\n",
       "      <th>18</th>\n",
       "      <th>19</th>\n",
       "    </tr>\n",
       "  </thead>\n",
       "  <tbody>\n",
       "    <tr>\n",
       "      <th>0</th>\n",
       "      <td>0.0</td>\n",
       "      <td>81.0</td>\n",
       "      <td>51.0</td>\n",
       "      <td>135.0</td>\n",
       "      <td>83.0</td>\n",
       "      <td>75.0</td>\n",
       "      <td>81.0</td>\n",
       "      <td>90.0</td>\n",
       "      <td>52.0</td>\n",
       "      <td>380.0</td>\n",
       "      <td>143.0</td>\n",
       "      <td>215.0</td>\n",
       "      <td>236.0</td>\n",
       "      <td>71.0</td>\n",
       "      <td>125.0</td>\n",
       "      <td>168.0</td>\n",
       "      <td>80.0</td>\n",
       "      <td>48.0</td>\n",
       "      <td>107.0</td>\n",
       "      <td>39.0</td>\n",
       "    </tr>\n",
       "    <tr>\n",
       "      <th>1</th>\n",
       "      <td>81.0</td>\n",
       "      <td>0.0</td>\n",
       "      <td>23.0</td>\n",
       "      <td>31.0</td>\n",
       "      <td>118.0</td>\n",
       "      <td>34.0</td>\n",
       "      <td>20.0</td>\n",
       "      <td>4.0</td>\n",
       "      <td>46.0</td>\n",
       "      <td>29.0</td>\n",
       "      <td>291.0</td>\n",
       "      <td>170.0</td>\n",
       "      <td>87.0</td>\n",
       "      <td>88.0</td>\n",
       "      <td>92.0</td>\n",
       "      <td>209.0</td>\n",
       "      <td>252.0</td>\n",
       "      <td>28.0</td>\n",
       "      <td>172.0</td>\n",
       "      <td>26.0</td>\n",
       "    </tr>\n",
       "    <tr>\n",
       "      <th>2</th>\n",
       "      <td>51.0</td>\n",
       "      <td>23.0</td>\n",
       "      <td>0.0</td>\n",
       "      <td>210.0</td>\n",
       "      <td>65.0</td>\n",
       "      <td>10.0</td>\n",
       "      <td>263.0</td>\n",
       "      <td>73.0</td>\n",
       "      <td>40.0</td>\n",
       "      <td>182.0</td>\n",
       "      <td>86.0</td>\n",
       "      <td>274.0</td>\n",
       "      <td>63.0</td>\n",
       "      <td>113.0</td>\n",
       "      <td>45.0</td>\n",
       "      <td>119.0</td>\n",
       "      <td>29.0</td>\n",
       "      <td>189.0</td>\n",
       "      <td>180.0</td>\n",
       "      <td>58.0</td>\n",
       "    </tr>\n",
       "    <tr>\n",
       "      <th>3</th>\n",
       "      <td>135.0</td>\n",
       "      <td>31.0</td>\n",
       "      <td>210.0</td>\n",
       "      <td>0.0</td>\n",
       "      <td>155.0</td>\n",
       "      <td>33.0</td>\n",
       "      <td>135.0</td>\n",
       "      <td>98.0</td>\n",
       "      <td>41.0</td>\n",
       "      <td>193.0</td>\n",
       "      <td>168.0</td>\n",
       "      <td>69.0</td>\n",
       "      <td>96.0</td>\n",
       "      <td>109.0</td>\n",
       "      <td>59.0</td>\n",
       "      <td>28.0</td>\n",
       "      <td>107.0</td>\n",
       "      <td>192.0</td>\n",
       "      <td>38.0</td>\n",
       "      <td>168.0</td>\n",
       "    </tr>\n",
       "    <tr>\n",
       "      <th>4</th>\n",
       "      <td>83.0</td>\n",
       "      <td>118.0</td>\n",
       "      <td>65.0</td>\n",
       "      <td>155.0</td>\n",
       "      <td>0.0</td>\n",
       "      <td>80.0</td>\n",
       "      <td>256.0</td>\n",
       "      <td>288.0</td>\n",
       "      <td>167.0</td>\n",
       "      <td>208.0</td>\n",
       "      <td>132.0</td>\n",
       "      <td>213.0</td>\n",
       "      <td>275.0</td>\n",
       "      <td>66.0</td>\n",
       "      <td>120.0</td>\n",
       "      <td>103.0</td>\n",
       "      <td>53.0</td>\n",
       "      <td>38.0</td>\n",
       "      <td>83.0</td>\n",
       "      <td>151.0</td>\n",
       "    </tr>\n",
       "    <tr>\n",
       "      <th>5</th>\n",
       "      <td>75.0</td>\n",
       "      <td>34.0</td>\n",
       "      <td>10.0</td>\n",
       "      <td>33.0</td>\n",
       "      <td>80.0</td>\n",
       "      <td>0.0</td>\n",
       "      <td>182.0</td>\n",
       "      <td>126.0</td>\n",
       "      <td>86.0</td>\n",
       "      <td>249.0</td>\n",
       "      <td>121.0</td>\n",
       "      <td>46.0</td>\n",
       "      <td>371.0</td>\n",
       "      <td>78.0</td>\n",
       "      <td>157.0</td>\n",
       "      <td>23.0</td>\n",
       "      <td>74.0</td>\n",
       "      <td>52.0</td>\n",
       "      <td>147.0</td>\n",
       "      <td>85.0</td>\n",
       "    </tr>\n",
       "    <tr>\n",
       "      <th>6</th>\n",
       "      <td>81.0</td>\n",
       "      <td>20.0</td>\n",
       "      <td>263.0</td>\n",
       "      <td>135.0</td>\n",
       "      <td>256.0</td>\n",
       "      <td>182.0</td>\n",
       "      <td>0.0</td>\n",
       "      <td>229.0</td>\n",
       "      <td>96.0</td>\n",
       "      <td>185.0</td>\n",
       "      <td>176.0</td>\n",
       "      <td>78.0</td>\n",
       "      <td>45.0</td>\n",
       "      <td>185.0</td>\n",
       "      <td>149.0</td>\n",
       "      <td>179.0</td>\n",
       "      <td>158.0</td>\n",
       "      <td>57.0</td>\n",
       "      <td>118.0</td>\n",
       "      <td>332.0</td>\n",
       "    </tr>\n",
       "    <tr>\n",
       "      <th>7</th>\n",
       "      <td>90.0</td>\n",
       "      <td>4.0</td>\n",
       "      <td>73.0</td>\n",
       "      <td>98.0</td>\n",
       "      <td>288.0</td>\n",
       "      <td>126.0</td>\n",
       "      <td>229.0</td>\n",
       "      <td>0.0</td>\n",
       "      <td>222.0</td>\n",
       "      <td>97.0</td>\n",
       "      <td>205.0</td>\n",
       "      <td>85.0</td>\n",
       "      <td>109.0</td>\n",
       "      <td>75.0</td>\n",
       "      <td>90.0</td>\n",
       "      <td>199.0</td>\n",
       "      <td>108.0</td>\n",
       "      <td>286.0</td>\n",
       "      <td>184.0</td>\n",
       "      <td>158.0</td>\n",
       "    </tr>\n",
       "    <tr>\n",
       "      <th>8</th>\n",
       "      <td>52.0</td>\n",
       "      <td>46.0</td>\n",
       "      <td>40.0</td>\n",
       "      <td>41.0</td>\n",
       "      <td>167.0</td>\n",
       "      <td>86.0</td>\n",
       "      <td>96.0</td>\n",
       "      <td>222.0</td>\n",
       "      <td>0.0</td>\n",
       "      <td>179.0</td>\n",
       "      <td>185.0</td>\n",
       "      <td>155.0</td>\n",
       "      <td>85.0</td>\n",
       "      <td>190.0</td>\n",
       "      <td>117.0</td>\n",
       "      <td>224.0</td>\n",
       "      <td>162.0</td>\n",
       "      <td>65.0</td>\n",
       "      <td>151.0</td>\n",
       "      <td>58.0</td>\n",
       "    </tr>\n",
       "    <tr>\n",
       "      <th>9</th>\n",
       "      <td>380.0</td>\n",
       "      <td>29.0</td>\n",
       "      <td>182.0</td>\n",
       "      <td>193.0</td>\n",
       "      <td>208.0</td>\n",
       "      <td>249.0</td>\n",
       "      <td>185.0</td>\n",
       "      <td>97.0</td>\n",
       "      <td>179.0</td>\n",
       "      <td>0.0</td>\n",
       "      <td>4.0</td>\n",
       "      <td>100.0</td>\n",
       "      <td>140.0</td>\n",
       "      <td>92.0</td>\n",
       "      <td>117.0</td>\n",
       "      <td>32.0</td>\n",
       "      <td>89.0</td>\n",
       "      <td>98.0</td>\n",
       "      <td>117.0</td>\n",
       "      <td>118.0</td>\n",
       "    </tr>\n",
       "    <tr>\n",
       "      <th>10</th>\n",
       "      <td>143.0</td>\n",
       "      <td>291.0</td>\n",
       "      <td>86.0</td>\n",
       "      <td>168.0</td>\n",
       "      <td>132.0</td>\n",
       "      <td>121.0</td>\n",
       "      <td>176.0</td>\n",
       "      <td>205.0</td>\n",
       "      <td>185.0</td>\n",
       "      <td>4.0</td>\n",
       "      <td>0.0</td>\n",
       "      <td>124.0</td>\n",
       "      <td>135.0</td>\n",
       "      <td>33.0</td>\n",
       "      <td>15.0</td>\n",
       "      <td>210.0</td>\n",
       "      <td>84.0</td>\n",
       "      <td>175.0</td>\n",
       "      <td>114.0</td>\n",
       "      <td>106.0</td>\n",
       "    </tr>\n",
       "    <tr>\n",
       "      <th>11</th>\n",
       "      <td>215.0</td>\n",
       "      <td>170.0</td>\n",
       "      <td>274.0</td>\n",
       "      <td>69.0</td>\n",
       "      <td>213.0</td>\n",
       "      <td>46.0</td>\n",
       "      <td>78.0</td>\n",
       "      <td>85.0</td>\n",
       "      <td>155.0</td>\n",
       "      <td>100.0</td>\n",
       "      <td>124.0</td>\n",
       "      <td>0.0</td>\n",
       "      <td>115.0</td>\n",
       "      <td>228.0</td>\n",
       "      <td>111.0</td>\n",
       "      <td>232.0</td>\n",
       "      <td>67.0</td>\n",
       "      <td>206.0</td>\n",
       "      <td>82.0</td>\n",
       "      <td>56.0</td>\n",
       "    </tr>\n",
       "    <tr>\n",
       "      <th>12</th>\n",
       "      <td>236.0</td>\n",
       "      <td>87.0</td>\n",
       "      <td>63.0</td>\n",
       "      <td>96.0</td>\n",
       "      <td>275.0</td>\n",
       "      <td>371.0</td>\n",
       "      <td>45.0</td>\n",
       "      <td>109.0</td>\n",
       "      <td>85.0</td>\n",
       "      <td>140.0</td>\n",
       "      <td>135.0</td>\n",
       "      <td>115.0</td>\n",
       "      <td>0.0</td>\n",
       "      <td>101.0</td>\n",
       "      <td>247.0</td>\n",
       "      <td>146.0</td>\n",
       "      <td>36.0</td>\n",
       "      <td>65.0</td>\n",
       "      <td>150.0</td>\n",
       "      <td>252.0</td>\n",
       "    </tr>\n",
       "    <tr>\n",
       "      <th>13</th>\n",
       "      <td>71.0</td>\n",
       "      <td>88.0</td>\n",
       "      <td>113.0</td>\n",
       "      <td>109.0</td>\n",
       "      <td>66.0</td>\n",
       "      <td>78.0</td>\n",
       "      <td>185.0</td>\n",
       "      <td>75.0</td>\n",
       "      <td>190.0</td>\n",
       "      <td>92.0</td>\n",
       "      <td>33.0</td>\n",
       "      <td>228.0</td>\n",
       "      <td>101.0</td>\n",
       "      <td>0.0</td>\n",
       "      <td>148.0</td>\n",
       "      <td>193.0</td>\n",
       "      <td>87.0</td>\n",
       "      <td>49.0</td>\n",
       "      <td>4.0</td>\n",
       "      <td>183.0</td>\n",
       "    </tr>\n",
       "    <tr>\n",
       "      <th>14</th>\n",
       "      <td>125.0</td>\n",
       "      <td>92.0</td>\n",
       "      <td>45.0</td>\n",
       "      <td>59.0</td>\n",
       "      <td>120.0</td>\n",
       "      <td>157.0</td>\n",
       "      <td>149.0</td>\n",
       "      <td>90.0</td>\n",
       "      <td>117.0</td>\n",
       "      <td>117.0</td>\n",
       "      <td>15.0</td>\n",
       "      <td>111.0</td>\n",
       "      <td>247.0</td>\n",
       "      <td>148.0</td>\n",
       "      <td>0.0</td>\n",
       "      <td>99.0</td>\n",
       "      <td>55.0</td>\n",
       "      <td>100.0</td>\n",
       "      <td>176.0</td>\n",
       "      <td>172.0</td>\n",
       "    </tr>\n",
       "    <tr>\n",
       "      <th>15</th>\n",
       "      <td>168.0</td>\n",
       "      <td>209.0</td>\n",
       "      <td>119.0</td>\n",
       "      <td>28.0</td>\n",
       "      <td>103.0</td>\n",
       "      <td>23.0</td>\n",
       "      <td>179.0</td>\n",
       "      <td>199.0</td>\n",
       "      <td>224.0</td>\n",
       "      <td>32.0</td>\n",
       "      <td>210.0</td>\n",
       "      <td>232.0</td>\n",
       "      <td>146.0</td>\n",
       "      <td>193.0</td>\n",
       "      <td>99.0</td>\n",
       "      <td>0.0</td>\n",
       "      <td>182.0</td>\n",
       "      <td>211.0</td>\n",
       "      <td>351.0</td>\n",
       "      <td>242.0</td>\n",
       "    </tr>\n",
       "    <tr>\n",
       "      <th>16</th>\n",
       "      <td>80.0</td>\n",
       "      <td>252.0</td>\n",
       "      <td>29.0</td>\n",
       "      <td>107.0</td>\n",
       "      <td>53.0</td>\n",
       "      <td>74.0</td>\n",
       "      <td>158.0</td>\n",
       "      <td>108.0</td>\n",
       "      <td>162.0</td>\n",
       "      <td>89.0</td>\n",
       "      <td>84.0</td>\n",
       "      <td>67.0</td>\n",
       "      <td>36.0</td>\n",
       "      <td>87.0</td>\n",
       "      <td>55.0</td>\n",
       "      <td>182.0</td>\n",
       "      <td>0.0</td>\n",
       "      <td>224.0</td>\n",
       "      <td>170.0</td>\n",
       "      <td>133.0</td>\n",
       "    </tr>\n",
       "    <tr>\n",
       "      <th>17</th>\n",
       "      <td>48.0</td>\n",
       "      <td>28.0</td>\n",
       "      <td>189.0</td>\n",
       "      <td>192.0</td>\n",
       "      <td>38.0</td>\n",
       "      <td>52.0</td>\n",
       "      <td>57.0</td>\n",
       "      <td>286.0</td>\n",
       "      <td>65.0</td>\n",
       "      <td>98.0</td>\n",
       "      <td>175.0</td>\n",
       "      <td>206.0</td>\n",
       "      <td>65.0</td>\n",
       "      <td>49.0</td>\n",
       "      <td>100.0</td>\n",
       "      <td>211.0</td>\n",
       "      <td>224.0</td>\n",
       "      <td>0.0</td>\n",
       "      <td>77.0</td>\n",
       "      <td>46.0</td>\n",
       "    </tr>\n",
       "    <tr>\n",
       "      <th>18</th>\n",
       "      <td>107.0</td>\n",
       "      <td>172.0</td>\n",
       "      <td>180.0</td>\n",
       "      <td>38.0</td>\n",
       "      <td>83.0</td>\n",
       "      <td>147.0</td>\n",
       "      <td>118.0</td>\n",
       "      <td>184.0</td>\n",
       "      <td>151.0</td>\n",
       "      <td>117.0</td>\n",
       "      <td>114.0</td>\n",
       "      <td>82.0</td>\n",
       "      <td>150.0</td>\n",
       "      <td>4.0</td>\n",
       "      <td>176.0</td>\n",
       "      <td>351.0</td>\n",
       "      <td>170.0</td>\n",
       "      <td>77.0</td>\n",
       "      <td>0.0</td>\n",
       "      <td>213.0</td>\n",
       "    </tr>\n",
       "    <tr>\n",
       "      <th>19</th>\n",
       "      <td>39.0</td>\n",
       "      <td>26.0</td>\n",
       "      <td>58.0</td>\n",
       "      <td>168.0</td>\n",
       "      <td>151.0</td>\n",
       "      <td>85.0</td>\n",
       "      <td>332.0</td>\n",
       "      <td>158.0</td>\n",
       "      <td>58.0</td>\n",
       "      <td>118.0</td>\n",
       "      <td>106.0</td>\n",
       "      <td>56.0</td>\n",
       "      <td>252.0</td>\n",
       "      <td>183.0</td>\n",
       "      <td>172.0</td>\n",
       "      <td>242.0</td>\n",
       "      <td>133.0</td>\n",
       "      <td>46.0</td>\n",
       "      <td>213.0</td>\n",
       "      <td>0.0</td>\n",
       "    </tr>\n",
       "  </tbody>\n",
       "</table>\n",
       "</div>"
      ],
      "text/plain": [
       "       0      1      2      3      4      5      6      7      8      9   \\\n",
       "0     0.0   81.0   51.0  135.0   83.0   75.0   81.0   90.0   52.0  380.0   \n",
       "1    81.0    0.0   23.0   31.0  118.0   34.0   20.0    4.0   46.0   29.0   \n",
       "2    51.0   23.0    0.0  210.0   65.0   10.0  263.0   73.0   40.0  182.0   \n",
       "3   135.0   31.0  210.0    0.0  155.0   33.0  135.0   98.0   41.0  193.0   \n",
       "4    83.0  118.0   65.0  155.0    0.0   80.0  256.0  288.0  167.0  208.0   \n",
       "5    75.0   34.0   10.0   33.0   80.0    0.0  182.0  126.0   86.0  249.0   \n",
       "6    81.0   20.0  263.0  135.0  256.0  182.0    0.0  229.0   96.0  185.0   \n",
       "7    90.0    4.0   73.0   98.0  288.0  126.0  229.0    0.0  222.0   97.0   \n",
       "8    52.0   46.0   40.0   41.0  167.0   86.0   96.0  222.0    0.0  179.0   \n",
       "9   380.0   29.0  182.0  193.0  208.0  249.0  185.0   97.0  179.0    0.0   \n",
       "10  143.0  291.0   86.0  168.0  132.0  121.0  176.0  205.0  185.0    4.0   \n",
       "11  215.0  170.0  274.0   69.0  213.0   46.0   78.0   85.0  155.0  100.0   \n",
       "12  236.0   87.0   63.0   96.0  275.0  371.0   45.0  109.0   85.0  140.0   \n",
       "13   71.0   88.0  113.0  109.0   66.0   78.0  185.0   75.0  190.0   92.0   \n",
       "14  125.0   92.0   45.0   59.0  120.0  157.0  149.0   90.0  117.0  117.0   \n",
       "15  168.0  209.0  119.0   28.0  103.0   23.0  179.0  199.0  224.0   32.0   \n",
       "16   80.0  252.0   29.0  107.0   53.0   74.0  158.0  108.0  162.0   89.0   \n",
       "17   48.0   28.0  189.0  192.0   38.0   52.0   57.0  286.0   65.0   98.0   \n",
       "18  107.0  172.0  180.0   38.0   83.0  147.0  118.0  184.0  151.0  117.0   \n",
       "19   39.0   26.0   58.0  168.0  151.0   85.0  332.0  158.0   58.0  118.0   \n",
       "\n",
       "       10     11     12     13     14     15     16     17     18     19  \n",
       "0   143.0  215.0  236.0   71.0  125.0  168.0   80.0   48.0  107.0   39.0  \n",
       "1   291.0  170.0   87.0   88.0   92.0  209.0  252.0   28.0  172.0   26.0  \n",
       "2    86.0  274.0   63.0  113.0   45.0  119.0   29.0  189.0  180.0   58.0  \n",
       "3   168.0   69.0   96.0  109.0   59.0   28.0  107.0  192.0   38.0  168.0  \n",
       "4   132.0  213.0  275.0   66.0  120.0  103.0   53.0   38.0   83.0  151.0  \n",
       "5   121.0   46.0  371.0   78.0  157.0   23.0   74.0   52.0  147.0   85.0  \n",
       "6   176.0   78.0   45.0  185.0  149.0  179.0  158.0   57.0  118.0  332.0  \n",
       "7   205.0   85.0  109.0   75.0   90.0  199.0  108.0  286.0  184.0  158.0  \n",
       "8   185.0  155.0   85.0  190.0  117.0  224.0  162.0   65.0  151.0   58.0  \n",
       "9     4.0  100.0  140.0   92.0  117.0   32.0   89.0   98.0  117.0  118.0  \n",
       "10    0.0  124.0  135.0   33.0   15.0  210.0   84.0  175.0  114.0  106.0  \n",
       "11  124.0    0.0  115.0  228.0  111.0  232.0   67.0  206.0   82.0   56.0  \n",
       "12  135.0  115.0    0.0  101.0  247.0  146.0   36.0   65.0  150.0  252.0  \n",
       "13   33.0  228.0  101.0    0.0  148.0  193.0   87.0   49.0    4.0  183.0  \n",
       "14   15.0  111.0  247.0  148.0    0.0   99.0   55.0  100.0  176.0  172.0  \n",
       "15  210.0  232.0  146.0  193.0   99.0    0.0  182.0  211.0  351.0  242.0  \n",
       "16   84.0   67.0   36.0   87.0   55.0  182.0    0.0  224.0  170.0  133.0  \n",
       "17  175.0  206.0   65.0   49.0  100.0  211.0  224.0    0.0   77.0   46.0  \n",
       "18  114.0   82.0  150.0    4.0  176.0  351.0  170.0   77.0    0.0  213.0  \n",
       "19  106.0   56.0  252.0  183.0  172.0  242.0  133.0   46.0  213.0    0.0  "
      ]
     },
     "metadata": {},
     "output_type": "display_data"
    },
    {
     "data": {
      "text/plain": [
       "([0, 19, 11, 14, 10, 9, 15, 5, 2, 7, 1, 6, 12, 16, 4, 17, 13, 18, 3, 8], 795.0)"
      ]
     },
     "execution_count": 119,
     "metadata": {},
     "output_type": "execute_result"
    },
    {
     "data": {
